154.0,94.0,18.0,48.0
153.0,92.0,18.0,48.0
153.0,90.0,19.0,49.0
152.0,89.0,19.0,50.0
152.0,87.0,20.0,51.0
151.0,86.0,20.0,52.0
151.0,84.0,21.0,53.0
151.0,83.0,22.0,54.0
153.0,83.0,22.0,54.0
153.0,82.0,22.0,54.0
155.0,82.0,22.0,54.0
154.0,84.0,22.0,54.0
157.0,82.0,22.0,54.0
153.0,81.0,22.0,54.0
152.0,81.0,22.0,54.0
151.0,80.0,22.0,54.0
147.0,82.0,22.0,54.0
141.0,82.0,22.0,54.0
136.0,80.0,22.0,54.0
133.0,80.0,22.0,54.0
128.0,79.0,22.0,54.0
130.0,79.0,22.0,54.0
129.0,78.0,22.0,54.0
130.0,77.0,22.0,54.0
131.0,78.0,22.0,54.0
131.0,77.0,22.0,54.0
133.0,77.0,22.0,54.0
135.0,78.0,22.0,54.0
137.0,77.0,22.0,54.0
138.0,76.0,22.0,54.0
140.0,75.0,22.0,54.0
142.0,75.0,22.0,54.0
145.0,74.0,22.0,54.0
147.0,74.0,22.0,54.0
150.0,74.0,22.0,54.0
148.0,73.0,22.0,54.0
148.0,75.0,22.0,54.0
149.0,74.0,22.0,54.0
149.0,74.0,22.0,54.0
150.0,77.0,22.0,54.0
151.0,76.0,22.0,54.0
154.0,75.0,22.0,54.0
155.0,75.0,22.0,54.0
156.0,75.0,22.0,54.0
157.0,76.0,22.0,54.0
158.0,76.0,22.0,54.0
159.0,77.0,22.0,54.0
160.0,77.0,22.0,54.0
161.0,78.0,22.0,54.0
162.0,75.0,22.0,54.0
162.0,75.0,22.0,54.0
158.0,74.0,22.0,56.0
159.0,73.0,22.0,58.0
159.0,73.0,22.0,60.0
156.0,72.0,22.0,62.0
155.0,72.0,23.0,64.0
152.0,74.0,23.0,66.0
148.0,72.0,23.0,68.0
141.0,71.0,23.0,70.0
132.0,71.0,24.0,72.0
129.0,71.0,24.0,72.0
122.0,70.0,25.0,72.0
124.0,67.0,25.0,73.0
125.0,66.0,26.0,73.0
125.0,66.0,27.0,74.0
130.0,67.0,27.0,74.0
136.0,66.0,28.0,74.0
140.0,63.0,28.0,75.0
145.0,63.0,29.0,75.0
150.0,62.0,30.0,76.0
154.0,62.0,30.0,76.0
158.0,62.0,31.0,77.0
162.0,63.0,31.0,77.0
166.0,63.0,32.0,78.0
170.0,63.0,32.0,78.0
174.0,64.0,33.0,79.0
173.0,65.0,32.0,79.0
173.0,66.0,31.0,79.0
173.0,67.0,30.0,80.0
173.0,68.0,29.0,80.0
173.0,69.0,29.0,81.0
174.0,69.0,29.0,81.0
175.0,69.0,30.0,82.0
177.0,69.0,30.0,82.0
178.0,69.0,31.0,83.0
179.0,69.0,31.0,83.0
181.0,69.0,32.0,84.0
182.0,71.0,31.0,83.0
183.0,71.0,31.0,83.0
185.0,70.0,31.0,83.0
187.0,70.0,31.0,83.0
187.0,70.0,31.0,83.0
187.0,69.0,31.0,83.0
188.0,66.0,31.0,83.0
184.0,65.0,31.0,83.0
186.0,63.0,31.0,83.0
183.0,61.0,31.0,83.0
181.0,60.0,31.0,83.0
180.0,59.0,31.0,83.0
179.0,58.0,31.0,83.0
178.0,57.0,31.0,83.0
177.0,56.0,31.0,83.0
176.0,56.0,32.0,83.0
175.0,56.0,31.0,82.0
174.0,56.0,31.0,81.0
173.0,56.0,31.0,81.0
172.0,56.0,31.0,80.0
171.0,56.0,30.0,80.0
170.0,56.0,30.0,79.0
169.0,56.0,30.0,79.0
168.0,56.0,30.0,78.0
167.0,57.0,30.0,78.0
165.0,57.0,29.0,77.0
163.0,58.0,29.0,77.0
161.0,59.0,29.0,77.0
159.0,60.0,29.0,76.0
157.0,60.0,29.0,76.0
155.0,61.0,29.0,76.0
153.0,62.0,29.0,75.0
151.0,63.0,29.0,75.0
149.0,64.0,29.0,75.0
147.0,67.0,28.0,74.0
144.0,69.0,28.0,74.0
144.0,70.0,28.0,74.0
142.0,74.0,28.0,74.0
144.0,72.0,28.0,74.0
151.0,72.0,28.0,74.0
159.0,72.0,28.0,74.0
163.0,70.0,27.0,72.0
167.0,69.0,27.0,71.0
172.0,68.0,26.0,70.0
176.0,67.0,26.0,69.0
180.0,66.0,26.0,68.0
185.0,65.0,25.0,67.0
189.0,64.0,25.0,66.0
194.0,63.0,25.0,65.0
192.0,64.0,25.0,64.0
199.0,64.0,25.0,64.0
199.0,64.0,25.0,64.0
199.0,64.0,25.0,64.0
196.0,65.0,25.0,64.0
186.0,69.0,25.0,64.0
180.0,71.0,26.0,64.0
174.0,73.0,25.0,63.0
166.0,77.0,25.0,63.0
160.0,79.0,25.0,62.0
155.0,84.0,24.0,62.0
151.0,85.0,24.0,61.0
148.0,86.0,24.0,61.0
148.0,84.0,23.0,61.0
149.0,83.0,23.0,61.0
149.0,81.0,23.0,62.0
150.0,80.0,23.0,62.0
150.0,79.0,23.0,62.0
151.0,77.0,23.0,63.0
151.0,76.0,23.0,63.0
152.0,75.0,23.0,64.0
149.0,74.0,22.0,63.0
147.0,74.0,22.0,62.0
145.0,73.0,22.0,61.0
143.0,73.0,22.0,60.0
141.0,72.0,22.0,59.0
139.0,72.0,22.0,58.0
137.0,71.0,22.0,57.0
135.0,71.0,22.0,57.0
130.0,71.0,21.0,56.0
127.0,73.0,21.0,56.0
130.0,72.0,21.0,55.0
130.0,74.0,20.0,55.0
131.0,73.0,20.0,54.0
133.0,74.0,20.0,54.0
132.0,73.0,20.0,54.0
131.0,72.0,20.0,54.0
131.0,71.0,20.0,54.0
130.0,71.0,20.0,55.0
130.0,70.0,20.0,55.0
129.0,69.0,20.0,55.0
129.0,69.0,20.0,56.0
127.0,71.0,20.0,55.0
125.0,73.0,20.0,55.0
123.0,75.0,20.0,54.0
120.0,80.0,20.0,54.0
116.0,82.0,20.0,54.0
112.0,83.0,20.0,53.0
112.0,86.0,20.0,53.0
116.0,87.0,20.0,53.0
119.0,87.0,19.0,53.0
123.0,87.0,19.0,53.0
127.0,87.0,19.0,54.0
130.0,87.0,18.0,54.0
134.0,87.0,18.0,54.0
138.0,88.0,18.0,55.0
138.0,88.0,17.0,54.0
139.0,88.0,17.0,53.0
140.0,88.0,17.0,53.0
141.0,88.0,17.0,52.0
142.0,88.0,17.0,52.0
142.0,88.0,16.0,51.0
143.0,88.0,16.0,50.0
144.0,88.0,16.0,50.0
145.0,88.0,16.0,49.0
145.0,88.0,16.0,49.0
142.0,88.0,16.0,48.0
140.0,88.0,16.0,47.0
139.0,89.0,16.0,46.0
138.0,89.0,16.0,45.0
141.0,89.0,16.0,44.0
142.0,87.0,16.0,44.0
143.0,88.0,16.0,43.0
142.0,88.0,16.0,42.0
141.0,87.0,16.0,41.0
140.0,88.0,16.0,40.0
139.0,88.0,17.0,40.0
138.0,89.0,16.0,39.0
139.0,87.0,16.0,39.0
137.0,86.0,16.0,38.0
135.0,87.0,16.0,38.0
133.0,87.0,16.0,38.0
134.0,87.0,16.0,37.0
131.0,87.0,16.0,37.0
130.0,89.0,15.0,36.0
130.0,89.0,15.0,36.0
135.0,90.0,15.0,36.0
141.0,89.0,15.0,35.0
145.0,90.0,15.0,35.0
148.0,89.0,15.0,34.0
149.0,89.0,15.0,34.0
150.0,90.0,15.0,34.0
152.0,89.0,15.0,34.0
154.0,89.0,15.0,34.0
157.0,89.0,15.0,34.0
159.0,88.0,15.0,34.0
161.0,88.0,15.0,34.0
164.0,88.0,15.0,35.0
164.0,88.0,15.0,35.0
164.0,88.0,15.0,35.0
164.0,88.0,15.0,35.0
164.0,88.0,15.0,35.0
164.0,88.0,15.0,35.0
164.0,88.0,15.0,35.0
164.0,88.0,15.0,36.0
165.0,87.0,14.0,35.0
167.0,87.0,14.0,35.0
169.0,87.0,14.0,35.0
171.0,87.0,14.0,35.0
173.0,87.0,14.0,35.0
175.0,87.0,14.0,35.0
177.0,87.0,14.0,35.0
179.0,87.0,14.0,35.0
179.0,87.0,13.0,34.0
179.0,88.0,13.0,34.0
179.0,89.0,13.0,33.0
179.0,90.0,13.0,33.0
179.0,91.0,13.0,32.0
181.0,92.0,13.0,32.0
180.0,93.0,13.0,32.0
180.0,94.0,13.0,32.0
180.0,97.0,13.0,32.0
181.0,97.0,13.0,32.0
179.0,97.0,13.0,32.0
177.0,97.0,13.0,32.0
176.0,98.0,13.0,32.0
176.0,98.0,13.0,32.0
174.0,99.0,13.0,32.0
173.0,99.0,13.0,32.0
173.0,100.0,13.0,32.0
172.0,101.0,13.0,32.0
173.0,100.0,13.0,32.0
173.0,100.0,13.0,32.0
174.0,99.0,13.0,32.0
176.0,99.0,13.0,33.0
